-31.413892	-64.2243096
-34.8658972	-57.8888983
-32.9086	-68.8789631
-34.7498593	-58.4051101
-34.6585486	-58.6684298
0.0	0.0
-330001172.0	-606560439.0
-33.2054706	-62.6049679
-34.6293366	-58.4132106
-35.8486825	-62.0673896
-34.6312722	-58.4887257
-33.5032026	-60.0700908
0.0	0.0
-34.7861055	-58.317877
-34.940028	-57.9919666
0.0	0.0
-33.738895	-69.1215611
-34.7268921	-58.2653561
-33.2980201	-66.3176643
-32.372118	-61.0933494
-31.4262849	-64.1935011
-31.3781855	-64.1825971
-36.6199759	-64.2875046
-33.4781253	-60.2908794
0.0	0.0
-34.6148171	-58.6350591
-34.6512119	-58.3549738
-34.3277605	-58.7627026
-35.4509746	-60.8838685
0.0	0.0
-27.3761953	-55.9405848
-34.5784325	-58.4345757
-34.7374817	-58.3149935
-33.1574819	-59.3273377
-37.148672	-58.4886919
-58.40288	-58.40288
-33.3057755	-66.3391014
-27.739852	-64.2551615
-34.6544	-58.4168
-34.2939043	-60.255371
0.0	0.0
-34.6008	-58.4959
-314091044.0	-641881269.0
-34.6159559	-58.4333324
-34.567522	-58.4330564
-38.6855337	-62.2346035
-25.9439063	-60.6185895
-33.0833794	-68.4741878
-34.5671	-58.4361
0.0	0.0
-32.9005241	-60.6927354
-26.7921716	-65.2549504
0.0	0.0
-34.7357641	-58.297115
-34.5971798	-58.5446103
-313670704.0	-642835488.0
0.0	0.0
-313699806.0	-64147475.0
-34.6193	-58.4361
-32.9448024	-60.7195517
0.0	0.0
-27.43695	-59.0048529
-34.5995	-58.4397
-34.5638	-58.4599
-34.6949595	-58.4098575
0.0	0.0
-27.7850315	-64.2583769
-34.8045369	-58.4516374
-34.7431764	-58.3956449
-34.8946948	-57.9797817
-27.344471	-65.5928697
-34.5868185	-58.4108189
-26.820097	-65.2192877
-33.2065104	-62.6036924
-31.3143948	-64.4633523
-34.6405011	-60.4574246
-34.5977307	-58.4142708
0.0	0.0
-34.6179999	-58.3944244
-34.5897561	-58.4206791
-34.6151	-58.5262
-34.7511781	-58.2361701
-32.9611226	-60.6540702
-35.6627008	-63.7585246
-31.6097642	-60.6965715
-34.6586452	-58.6688755
-34.686089	-58.5321556
-32.9357617	-60.7299864
-32.9255051	-68.8603528
-323520086.0	-650183319.0
-34.4874182	-58.6184417
-34.5471694	-58.5046308
-34.8661383	-58.045498
0.0	0.0
-34.6008	-58.4959
-34.5024706	-58.5310529
-264040826.0	-546313496.0
-33.7450805	-61.9590179
-31.7786579	-63.8052404
-35.1241159	-60.4788936
-34.5854788	-58.5500881
-33.149682	-60.5142977
-34.72381	-58.252216
-34.5302076	-58.5266569
0.0	0.0
-34.1833794	-61.536511
-34.6165352	-68.3303683
-231324342.0	-643272827.0
-28.4681328	-65.7729486
-336854811.0	-654672144.0
-34.6169553	-58.5960516
-32.4323202	-63.7294619
-26.8302947	-65.2362469
-34.6119789	-58.3784355
-33.3447611	-60.2177315
-32.2408656	-63.984545
-34.567283	-59.1146439
-33.1124516	-61.7041862
-38.0491439	-57.5597499
-26.8352977	-65.2128387
-32.938017	-60.6531581
-32.9583672	-68.7940405
-26.8463811	-65.1571428
-38.7074943	-62.2873407
0.0	0.0
-34.8757092	-58.0804101
-34.6895558	-58.7286417
-33.9200315	-64.395194
-32.958	-60.637229
-31.4588191	-64.3076572
-34.6146553	-68.3308663
-32.9477037	-68.8108753
0.0	0.0
-321705964.0	-641153941.0
-34.7348182	-58.4002075
-380692268.0	-575478867.0
-34.682154	-58.555742
0.0	0.0
-26.5347453	-59.3418948
-34.6858457	-58.4764499
-34.5924754	-58.4064853
-346049204.0	-583822111.0
-34.6050721	-58.3756825
-36.8965014	-60.3298453
-34.5672	-58.4633
-264067364.0	-546660013.0
-30.3085411	-61.2357011
-34.6666317	-58.3674036
-34.5809	-58.4225
-32.9441814	-60.6433097
-34.5779	-58.4041
-29.7837511	-58.0782734
-34.7965974	-58.4563561
-34.7479722	-58.5878381
-33.8890554	-61.6942261
-33.2949991	-66.3308971
-32.9399475	-60.7352729
-32.9444071	-60.6658409
-38.016706	-57.560848
-34.7607	-58.2074
-34.6544	-58.4168
-34.58654	-58.4894488
-36.230837	-61.1157904
-310749402.0	-644949559.0
-307393066.0	-647924499.0
0.0	0.0
-33.6577574	-61.4562346
-34.9077259	-60.7615876
-31.7382939	-61.0971839
-34.5913	-58.4150448
0.0	0.0
-36.7214599	-56.6827081
-346663598.0	-58726326.0
-33.1948377	-68.4680576
-26.8117728	-65.3036917
-34.6261416	-58.4583037
-32.1600405	-58.4061574
-33.2662708	-662323969.0
0.0	0.0
-31.8974573	-61.8545016
-35.4439546	-60.8874751
-26.8372881	-65.2167927
-32.8915185	-68.845154
-34.6066695	-58.950091
0.0	0.0
-37.6049477	-62.4100676
-331242054.0	-643499929.0
-31.4222873	-64.5015017
-31.4135635	-64.1674136
0.0	0.0
-34.6176573	-68.3273349
-26.8803667	-60.2226938
-31.5597393	-63.5400633
0.0	0.0
-316549813.0	-644367754.0
-38.000293	-57.5488568
0.0	0.0
-331188199.0	-64352421.0
0.0	0.0
-316805456.0	-638855027.0
-27.4308106	-65.617044
-36.2359042	-61.1232522
-32.984523	-68.7882784
-34.605718	-58.3944146
0.0	0.0
-32.8852888	-68.8469131
0.0	0.0
-37.3008763	-59.1256436
0.0	0.0
-34.6902383	-58.7695947
-2418376.0	-653044775.0
-33.0452242	-61.1668384
-36.6199067	-64.2849865
-33.3759342	-61.18491
-34.5432893	-58.7159539
-36.6207608	-64.2879184
-32.983942	-68.788373
-34.6359554	-584024784.0
-34.7050766	-58.4186339
-34.5781	-58.4265
-38.028125	-57.5363066
-34.6619063	-58.7288631
0.0	0.0
-34.564636	-59.11886
-345759186.0	-584858706.0
-33.5379482	-61.1239711
-34.6096907	-58.4783095
0.0	0.0
0.0	0.0
-34.6603637	-58.6721156
-31.5533575	-63.5378065
0.0	0.0
-34.7738483	-58.2344297
-34.4573629	-58.6318167
0.0	0.0
-27.4441152	-65.6170686
-24.7900447	-65.4046837
-345755423.0	-584840377.0
-31.5492683	-68.5280121
-24.1819626	-65.3139165
0.0	0.0
-331092755.0	-643576173.0
-321705964.0	-641153941.0
-35.6239158	-61.3635516
-33.6896963	-65.457402
-336854811.0	-654672144.0
-38.6855337	-62.2346035
-34.6095326	-58.7685594
-31.4501156	-60.9366031
-32.2329711	-65.8082289
-34.6548267	-58.7136112
-34.9205978	-57.9407232
-32.9238968	-60.6887622
-34.9229299	-57.9144989
-345959816.0	-583950016.0
-35.8108275	-61.9035765
-31.4194898	-64.1809448
-34.6411901	-58.6263097
-34.5779832	-58.427108
-34.8807804	-58.5591416
0.0	0.0
0.0	0.0
-34.447633	-58.5627977
-34.5498482	-58.73417
-264065786.0	-546621863.0
0.0	0.0
-32.8989944	-68.8541999
-34.5614639	-58.4600712
-34.165179	-58.9630222
-38.0418166	-57.5626661
-26.1799755	-58.1713889
-36.776264	-59.0919502
-32.3461204	-65.0184979
-34.1667792	-58.9622855
-26.1845664	-58.1969024
-34.9226843	-57.9784886
-33.4573924	-61.323127
-34.6080151	-68.3455271
-34.6914378	-58.5300035
-34.7790383	-58.3203039
-33.6784782	-59.6666903
-26.7969493	-65.2328112
-345786312.0	-591068437.0
-34.7628977	-58.2267791
-34.5333037	-58.5121714
-34.691226	-58.690318
0.0	0.0
-31.6855966	-60.7842282
-34.5950641	-58.401677
-34.6421425	-58.7928438
-34.4688	-58.5179
-32.904086	-68.84287
-32.4338994	-63.2503472
-32.916166	-68.859412
-34.8102431	-58.2604131
-33.3482522	-60.2080212
-34.5917089	-58.3934432
0.0	0.0
-34.6730495	-58.5315439
-39.0142022	-68.4316637
-34.6140502	-68.3190896
-34.6057652	-58.4531497
-32.8626265	-68.8349546
-310942333.0	-644867665.0
-33.817444	-59.518918
-32.755122	-63.7885866
-34.6758612	-58.4794623
-34.4781	-58.5554
-336235081.0	-645988046.0
-32.847625	-68.715901
-34.5989678	-58.3908673
-34.5756	-58.484
-34.104996	-59.0179598
0.0	0.0
-29.4138144	-66.8564659
-27.344471	-65.5928697
-34.4985091	-61.5448578
-34.679413	-58.559410
-43.5430226	-71.4613741
-346027765.0	-584942088.0
0.0	0.0
-26.1862008	-58.1758574
0.0	0.0
-34.2647493	-62.713229
0.0	0.0
-33.1552641	-62.8602962
-38.015548	-57.5417862
0.0	0.0
-33.1910657	-68.4649389
0.0	0.0
-32.818328	-61.400506
-36.8938013	-60.326565
-34.5155616	-58.4904479
-38.7132297	-62.2757983
-32.0259824	-60.3047911
0.0	0.0
0.0	0.0
-34.86531	-58.53386
-34.5832503	-58.4033884
-30.0869099	-58.7911368
-34.4000558	-58.6577784
-31.6534672	-63.9111471
-34.8092225	-58.2810563
-34.8535615	-58.5062042
-34.7115484	-58.2848877
-333567975.0	-637150866.0
0.0	0.0
-27.4729806	-65.690174
-331374531.0	-643680933.0
-27.790003	-64.255267
0.0	0.0
-34.7066277	-58.2888327
-32.8396247	-62.8702025
-34.5872972	-58.4003216
-34.6363	-58.4027
-26.829281	-65.2005339
-30.9863493	-57.9253995
-32.918771	-60.6774301
0.0	0.0
-27.5811762	-60.7134985
-33.0893551	-61.7920867
-31.3989016	-64.1888119
-34.7600015	-58.4005683
0.0	0.0
-34.52049	-58.496819
-24.7672694	-65.4093026
-34.7118386	-58.4276913
-36.6228362	-64.2946591
-26.8205926	-65.25375
-34.732232	-58.603276
-38.7245258	-62.2343811
-34.5480233	-58.4717688
-31.6195614	-60.6877209
-34.6020463	-58.4972462
-26.8158975	-65.2800076
0.0	0.0
0.0	0.0
0.0	0.0
-34.5672	-58.4633
-34.6026375	-58.5309699
-24.2072245	-65.2864011
-310939883.0	-644843934.0
-33.1412893	-59.3087366
0.0	0.0
-33.4979667	-64.3188887
-34.6534546	-58.5072239
-32.8206369	-60.719869
-34.5525	-58.5584
-3109472.0	-644900239.0
-26.8121755	-65.2213434
-34.442984	-58.5633752
0.0	0.0
0.0	0.0
-32.9363212	-60.6755324
-34.8167035	-58.4701106
-22.5952142	-63.8098426
-29.2333579	-61.7735647
-34.7312344	-58.2880246
-34.6203655	-58.4771049
-336824.0	-654641597.0
-34.6004382	-58.956466
0.0	0.0
-27.7673134	-64.2352353
-31.6577025	-64.4339822
-34.5613486	-58.6899432
-34.6342528	-58.3927841
-34.607286	-58.4456382
-34.6327015	-58.4804056
-37.9571186	-57.5706247
0.0	0.0
0.0	0.0
-34.6884241	-58.3800046
-31.913948	-63.6806289
-31.4349417	-64.1777119
-27.3636903	-55.9348154
-34.607834811694524	-58.37026707471851
-33292911.0	-663361507.0
-34.5267075	-58.7511505
-32.9770283	-68.7907544
0.0	0.0
-37.7869355	-58.8477479
-32.9929442	-60.6560557
-33.0381128	-68.9980914
0.0	0.0
0.0	0.0
-34.6099541	-58.4029098
-27.376424	-55.9411224
-34.7605728	-58.2975385
-268079098.0	-550234877.0
-32.1607258	-63.4658655
-34.603847	-58.949727
-32.9834449	-68.7894619
-34.7402582	-58.398586
-32.9437105	-60.6548425
-34.6772021	-58.4781755
-35.1188757	-60.4864514
-30.9812221	-64.1143714
-33.3409868	-60.2193021
-310930427.0	-644863744.0
-34.592	-58.401
-34.6371698	-58.4073948
0.0	0.0
-34.4555195	-58.9134546
-34.638669	-58.4843886
-310929662.0	-644827591.0
-34.6104027	-58.4413074
-37.3227605	-59.1394694
0.0	0.0
-33.2979312	-66.3380497
-34.5637386	-59.1079391
0.0	0.0
0.0	0.0
-27.46361	-58.84122
-34.6178108	-58.9230937
-32.9745384	-60.6468682
-31.4172291	-63.046223
-34.646596	-58.798308
-31.6455279	-68.2885187
-31.4096993	-64.1658978
0.0	0.0
-34.6265374	-58.5650343
-34.7461623	-58.2930129
-27.3580661	-55.9228746
-36.8788774	-60.3237008
-34.621005	-58.441825
-332935658.0	-662687406.0
-34.5959	-58.373
-34.6493441	-58.7927994
-33.0058205	-60.6671519
-33.4544756	-61.4935758
-34.7601401	-58.3607398
-37.3242119	-59.1371357
-27.46361	-58.84122
-34.654232	-58.76425
-27.3661555	-55.8924697
0.0	0.0
-33.3785168	-61.7173337
-31.3925212	-64.1876703
-345876785.0	-584122114.0
-34.6071887	-68.3408014
-32.9374649	-68.8469611
-27.7883365	-64.2622349
-34.6008885	-58.9558186
-34.6764004	-58.3678636
-34.6283837	-58.3804441
-321705964.0	-641153941.0
0.0	0.0
-34.7607	-58.2074
-27.47992	-58.82796
-33.228309	-60.3255735
-34.5306718	-58.5775385
-34.64004	-58.5252973
-34.6431521	-60.4742119
0.0	0.0
-34.7589419	-58.4008625
-38.5513275	-58.7436826
-34.624705	-58.416197
-26.8720419	-60.2163216
-380419836.0	-575500079.0
-346027356.0	-583663194.0
-34.6066539	-58.3948787
0.0	0.0
0.0	0.0
-37.9912767	-57.5764466
0.0	0.0
-34.5302076	-58.5266569
-31.530051	-68.5161954
-24.7909309	-65.4191711
-31.6441686	-60.7037104
-32.7592981	-63.78058
-35.120915	-60.4891612
-33.3788049	-61.7143004
-31.3720467	-64.1994115
0.0	0.0
-32.842315	-68.836072
-34.6248561	-58.4188902
-34.4449543	-58.8730928
-34.6245227	-58.5141105
-31.4156247	-64.1796753
-53.7906541	-67.6977578
-34.6020463	-58.4972462
0.0	0.0
-31.3573575	-64.210777
-26.819396	-65.198548
-316540593.0	-644394221.0
-34.5492721	-58.5560588
-34.651497	-58.598465
-34.672688	-63.373996
-34.5751599	-58.4263293
0.0	0.0
-36.6189009	-64.2930665
-30.9676875	-64.0850699
-36.7561373	-62.5041016
-35.4499463	-60.8961711
-32.955895	-60.6967374
-34.4947757	-61.5446278
-33.339665	-60.2255302
-32.9472587	-68.8236064
-34.9517959	-57.977733
-32.9165292	-68.838685
-37.9926041	-57.5591125
-32.9295155	-68.8604773
-27.2862241	-60.7129884
-31.8670584	-60.0103926
-310931844.0	-644885083.0
-32.5702483	-64.3974494
-34.5994832	-58.4397418
-32.9197763	-62.4564985
-34.5813	-58.4739
-34.8744062	-58.0510509
-435461845.0	-714567046.0
-31.4361436	-64.2395155
-34.605718	-58.3944146
313846551.0	-580106755.0
-34.5485426	-58.4961961
-34.4857801	-58.7256396
-32.9445156	-60.6403911
0.0	0.0
-34.7529053	-58.2928509
-33.2258404	-60.3315883
-34.457168	-58.9132706
-26.7946558	-65.2443422
-34.522742	-58.474111
-37.4578931	-61.9342574
-31.6220972	-58.5102695
-33.0837539	-68.4778581
-34.5842279	-60.9369018
-32.871791	-68.8367651
-34.8812302	-58.1770929
-34.7296091	-58.3543707
-26.8405188	-65.2083497
-33.1222754	-62.3088087
-34.5743512	-58.4397
-34.5831004	-58.4219685
-34.8099191	-58.4020273
-321705964.0	-641153941.0
-34.6738073	-58.7249851
-36.6250092	-64.2837502
0.0	0.0
-34.4535939	-58.5404707
-33.6834765	-65.4662512
-33.0272129	-60.6248726
-35.0314705	-60.2779423
-32.6739501	-60.875732
-34.6382303	-60.4751503
-31.6064131	-60.6705277
-34.4645509	-58.5448184
-31.5529625	-63.5332419
-26.8118324	-65.2157528
-36.7826683	-59.8668195
-38.0515575	-57.568006
-346200445.0	-584436781.0
-346270455.0	-584269381.0
0.0	0.0
-26.8342611	-65.2627707
-34.6493442	-58.7907609
-30.9460963	-59.7905894
-34.5809	-58.4225
-34.7828314	-58.8415742
-34.749821	-58.590589
-27.7854268	-64.2592328
-32.881541	-68.8452364
-31.7356683	-60.5295561
0.0	0.0
-32.9980208	-60.6761666
0.0	0.0
-34.5395935	-58.7146064
0.0	0.0
0.0	0.0
-313536388.0	-641779648.0
-36.0181847	-59.1071866
-34.5900692	-58.4111997
-241920354.0	-653041877.0
-34.9772318	-58.6746244
-35.4481916	-60.8935667
0.0	0.0
-315571032.0	-635338105.0
-34.4718223	-58.6557188
0.0	0.0
-34.7284849	-58.5305723
-34.5924636	-58.4296018
-25.7950437	-64.9729391
0.0	0.0
-34.7430147	-58.233998
-313426751.0	-642550625.0
-34.8290524	-58.2315405
0.0	0.0
-34.6114118	-58.3945501
-34.700283	-58.290342
-36.6042845	-64.2924976
-34.5626	-58.4574
-33.2385827	-62.4028505
-34.6115859	-58.3945485
-34.5913752	-58.6390996
-32.9354322	-60.6477047
-34.7658703	-58.3885165
-31.0146746	-62.0680186
-34.764388	-58.617462
-32.9932913	-60.6500497
-34.6393183	-58.4558002
0.0	0.0
0.0	0.0
-34.5947063	-58.3885701
-43.5430226	-71.4613741
-346178663.0	-584118783.0
-33.5803706	-69.0190096
-32.8712121	-68.8365843
-34.6023263	-58.6440599
-225163426.0	-638063695.0
-309824972.0	-644932781.0
-346687619.0	-587255626.0
-34.5389212	-58.467702
-309789904.0	-640951321.0
-37.9761062	-61.3562081
0.0	0.0
-31.3758855	-64.2071501
-32.904375	-68.7598359
-34.6046553	-58.9470226
-29.3996737	-66.8436357
-24.7841387	-65.4179755
0.0	0.0
0.0	0.0
-330858235.0	-684767229.0
-31.4068292	-64.1574202
-33.1777624	-60.6680346
-31.4409715	-61.2633371
-36.6761954	-64.3776436
-34.4480784	-59.4491879
-329585358.0	-606351219.0
-255000704.0	-649756759.0
-24.2355522	-64.8683793
-34.8778519	-57.8520528
-34.5295719	-58.4835497
-345781649.0	-584086536.0
0.0	0.0
-34.4414255	-58.5593083
-34.7504626	-58.2865085
0.0	0.0
-36.2320781	-61.1309868
-33.1855331	-66.3128013
-34.6841434	-58.3428556
-34.620435	-58.4443616
-34.575	-58.4857
-307039588.0	-640667108.0
0.0	0.0
-33.4572753	-61.4917111
-34.6552173	-58.7677988
-346687619.0	-587255626.0
-34.6342528	-58.3927841
-26.7968847	-65.2349998
-34.8561651	-58.523191
-32.8995798	-68.8620139
-32.961587	-68.86575
-33.3266581	-60.236497
-33.5452056	-61.1261567
-35.4907495	-62.9842644
-34.5626	-58.4574
-38.0803953	-57.5458781
-34.6806767	-58.7068983
-27.4349971	-55.9442125
-314108021.0	-641931112.0
-34.6010814	-58.4074066
0.0	0.0
-32.9021287	-68.7993948
-35.4464697	-60.8869081
-31.4278043	-62.0851981
0.0	0.0
-33.1631832	-60.5099672
0.0	0.0
-38.019702	-57.547127
-34.5971909	-58.3750633
-34.6034495	-58.382176
-34.7154178	-58.5423477
-31.617243	-60.708249
-34.6304983	-68.3539733
-34.165058	-58.9686884
-34.604329	-58.493305
-34.4983997	-58.5586633
-34.6287609	-58.4646105
-34.5755208	-58.4251917
-31.4301142	-62.1076067
0.0	0.0
-313764509.0	-641722211.0
-33.8124402	-59.5116658
-345812278.0	-584771306.0
-33.4586828	-61.4919999
-34.7025568	-58.3428721
-34.8960151	-60.0256996
-311816692.0	-643172689.0
-32.7545978	-60.7351556
-36.7735269	-59.867557
-34.7145483	-58.4202315
0.0	0.0
-34.6298985	-58.4697597
-34.6406801	-58.6020721
-34.8733929	-57.8727515
-34.730157	-58.2679118
-34.6560823	-58.5508724
0.0	0.0
-34.6566981	-58.7658732
-33.0439364	-61.1629778
0.0	0.0
-314097312.0	-641672405.0
-31.4091449	-64.1989218
-34.8281537	-58.3962325
-32.8886807	-68.8393871
-26.8044883	-65.1952554
0.0	0.0
-31.4314593	-64.2308289
-34.8747878	-58.0233837
0.0	0.0
-33.3143272	-66.3457654
-30.4244204	-64.3466821
-31.2527885	-61.4849552
0.0	0.0
-34.5945989	-58.4032484
-27.777665	-64.2691088
-34.522742	-58.474111
-32.9239309	-60.6911326
0.0	0.0
-31.3226919	-64.2724352
-32.8959856	-60.7034837
-34.6184854	-58.4368806
-32.9838302	-68.7908156
-31.4381138	-61.2608056
-31.4482138	-60.9366363
-34.646839	-58.525089
-31.4299615	-64.1881984
-33.3445695	-60.2306726
-34.6291986	-58.5052986
-32.241165	-63.9809384
-31.4473345	-60.9326532
-31.6125008	-60.6816583
-31.5354851	-68.5223739
-32.9121232	-68.88167
-34.6658123	-58.6294062
-34.6363	-58.4027
0.0	0.0
-34.6881233	-58.7337216
-22.2396193	-63.7321957
-34.7143334	-58.3013314
-33.0384858	-68.8822792
-34.4211959	-58.7364288
0.0	0.0
-33.1486593	-59.3134153
-34.6194664	-58.5474521
-32.233182	-58.1591406
0.0	0.0
-34.6045825	-58.4579194
0.0	0.0
-31.658288	-64.4163854
-24.7926023	-65.4105339
-32.8836904	-60.6986334
-24.981485	-65.5844169
-33.6888001	-59.6769043
0.0	0.0
-34.8082874	-58.2757546
-34.5976036	-58.4022076
0.0	0.0
-34.3250112	-58.8473595
-34.6327418	-58.3617399
-31.3575697	-64.1961702
0.0	0.0
-27.3986085	-55.8962835
-34.5710362	-59.1120649
0.0	0.0
-33.1117302	-60.5657258
-34.8788534	-58.180168
-33.3073188	-66.3324361
-26.8259591	-65.2280341
-32.8935687	-68.8473349
-34.6748756	-58.6341773
0.0	0.0
-32.9411914	-62.2311008
-329418844.0	-606640986.0
-26.8317549	-65.1961287
-32.0261778	-65.0305563
-31.4116267	-64.2650031
-34.6111953	-58.4195986
0.0	0.0
-36.6193604	-64.2962567
-32.8702435	-68.8298734
-345545293.0	-584652847.0
-24.7924585	-65.4099423
0.0	0.0
-34.6393939	-58.5296807
-33.1562341	-60.514191
-26.8237749	-65.1977429
-34.5810363	-58.4960602
0.0	0.0
-32.6856418	-58.8931068
-345657314.0	-58.4551604
-34.6177421	-58.5200749
-35.6261406	-61.3678319
-329134821.0	-688200502.0
-34.7121345	-58.7232453
-34.120977	-61.1316427
0.0	0.0
-34.6261789	-58.376688
-26.2014857	-64.2400059
0.0	0.0
-31.3723484	-64.2367101
0.0	0.0
-3139397.0	-580183881.0
-31.3974308	-64.1992297
-34.291512	-60.260092
-31.393418	-58.0251096
-36.6248507	-64.2784658
-34.7963872	-58.2880377
-34.58189	-58.40288
-33.6808178	-59.6630507
-33.1554389	-60.5150276
-34.5810283	-58.4247736
-34.2478086	-59.4750697
-33.6769921	-59.6660977
-37.9825777	-57.5938389
-35.0422638	-64.2510882
-34.5785622	-58.3869659
-33.2335732	-60.3363747
0.0	0.0
-34.1640543	-58.9605225
-329553965.0	-606548028.0
-38.001726	-57.548751
0.0	0.0
-32.8544185	-61.1625393
-34.7205435	-58.275586
-32.9442115	-60.6628472
-30.2142848	-61.879704
-33.1598353	-60.5134629
-34.8458654	-58.2275644
0.0	0.0
-256257496.0	-545779853.0
-34.1881812	-61.5269534
-345644874.0	-584637583.0
-32.9000686	-68.7962503
-38.7082505	-62.266435
-34.3480842	-63.448822
-34.7301138	-58.2499841
-34.677173	-58.555650
-31.0071813	-64.0817139
-34.9159613	-57.9367974
-34.5988	-58.4026
-31.2770812	-64.4636445
0.0	0.0
-33.6913322	-59.6815358
-346663598.0	-58726326.0
-346183689.0	-583945653.0
-34.7152904	-58.2846113
-331354544.0	-643439762.0
-34.7431715	-58.3930521
-34.639291	-58.7400285
0.0	0.0
-34.528185	-58.492467
-33.0327489	-63.5300185
-34.5863818	-58.5205307
0.0	0.0
-34.5656247	-59.1228331
-33.3243003	-62.0374974
-35.6404512	-59.7758539
-24.2119268	-65.2852161
-36.2322458	-61.1146333
-33.9229085	-64.3942881
-34.7402509	-58.4012258
0.0	0.0
0.0	0.0
-35.6389187	-63.7593405
-345919646.0	-583929287.0
-34.6751278	-58.6774899
-34.6958266	-58.4927631
-26.8382352	-65.2073676
0.0	0.0
-34.428036	-58.8162668
-34.5202678	-58.4885096
-34.5875865	-58.4118872
-34.4969	-58.5444
-31.5907806	-68.5204277
-34.5264459	-58.5517568
-34.6673759	-58.5043221
-34.5393995	-58.7405835
-313523688.0	-642006113.0
-34.663582	-58.3806415
-32.6251149	-60.1565415
-27.3807352	-55.9343075
-32.2427461	-63.9865338
-34.426378	-58.836472
-34.6338206	-58.8200313
-269300836.0	-653471296.0
-37.6673215	-63.5439257
0.0	0.0
-32.5671011	-61.767084
-34.6376158	-58.502479
-26.82067	-65.19931
-34.6066113	-58.4190588
0.0	0.0
-34.7223918	-58.2481183
-34.7087248	-58.4310797
-24.7937909	-65.4304837
-33.028464	-68.878082
-34.9254835	-57.986155
-34.5613	-58.4571
-33.2597296	-60.383011
-35.6238441	-61.3668092
-26.1779948	-58.190801
0.0	0.0
-31.6541025	-60.708497
0.0	0.0
-27.7303728	-64.2370809
-32.9525948	-68.8120427
-26.8147987	-65.2197109
-345894098.0	-583988789.0
-34.6326409	-58.7856739
-34.7514415	-58.5887074
-26.8262246	-65.3084891
-27.5832342	-66.3184389
-34.6478666	-58.6219849
-33.2982484	-66.346579
-33.8922625	-60.5685421
-37.985846	-61.3611804
-34.6992674	-58.6579464
-31.4125457	-64.190366
-34.7658703	-58.3885165
-31.7293726	-60.5271374
-36.6313776	-64.2846155
-31.7530772	-60.5033258
0.0	0.0
-34.4771858	-58.5121016
-34.4382048	-58.5604515
-33.8912298	-60.5809923
-36.2273079	-61.1138028
-34.5900692	-58.4111997
-34.6635593	-58.6240919
-37.401337	-59.5069404
-24.7895426	-654137921.0
-34.7174667	-58.2984101
0.0	0.0
-32.9468855	-60.6834262
0.0	0.0
-307280977.0	-648023721.0
-25.4932611	-64.9734757
-32.0403552	-63.5763167
-26.8191838	-65.2916052
-34.5701521	-58.447891
0.0	0.0
-34.5368537	-58.4986711
-23.941374	-64.8045254
-37.3110951	-59.9875274
-31.4025235	-61.0825347
-26.8564939	-65.1592766
-34.764388	-58.617462
0.0	0.0
-33.8022819	-61.3363844
-34.6339204	-58.3913627
-32.9443378	-68.8081852
-38.96447	-68.05646
-31.4831155	-64.2095375
-32.9426112	-68.8533414
-34.9049796	-60.0151454
-34.5872972	-58.4003216
0.0	0.0
-33.3752278	-61.1933572
-32.9243537	-68.8449191
-331214784.0	-64351353.0
-34.6538666	-58.5719713
-26.536982	-59.3328893
-379765935.0	-575895082.0
-34.7498971	-58.5877038
-34.523369	-58.4869604
-34.9011186	-60.0163999
-34.5709207	-58.5082129
-34.678237	-58.422797
-34.5430205	-58.7157021
-34.6082991	-58.3780329
-32.573229	-64.3979474
0.0	0.0
-33.2904503	-66.2970848
-34.6277742	-58.3855182
-34.599163	-58.5960177
-34.6509924	-58.7968708
0.0	0.0
-34.7757121	-58.4076838
-34.7431715	-58.3930521
-31.3523959	-64.310076
-314042715.0	-641621065.0
-34609572.0	-583804176.0
-34.8118126	-58.4362145
-34.6170094	-68.3374512
-435406486.0	-714696234.0
-34.5779832	-58.427108
-328421601.0	-688320643.0
-34.7786062	-58.381137
-27.4349971	-55.9442125
-268179946.0	-652095381.0
-32.9538479	-68.7534953
-34.7763257	-58.393007
-24.8592849	-65.455998
-35.4439693	-60.8841548
-34.8962184	-57.9651323
-34.5553626	-58.4871536
0.0	0.0
-34.6193	-58.4361
-31.4409338	-64.2370072
-31.2733925	-64.4666935
-34.7286891	-58.3551252
-32.9673184	-60.7035522
-34.3017365	-61.3064974
-31.4154131	-64.1840342
-31.3724366	-64.2388487
-346111505.0	-584199933.0
-27.47992	-58.82796
-31.3540438	-64.1743649
-33.6813823	-65.467631
-32.9847366	-68.7868857
-34.7204805	-58.26523
-34.5665483	-58.4545776
-26.800391	-65.295905
-34.4284896	-58.5848618
0.0	0.0
-34.56923	-58.44561
-34.7757523	-58.3291749
-26.7981857	-65.2260976
-34.5516707	-58.5805604
-26.8167394	-65.217796
-34.7207375	-58.2487408
-34.6392041	-58.5269409
-33121975.0	-643493393.0
-31.6279437	-60.6937441
-27.7866798	-64.2561291
-34.196558	-60.7360088
-34.5802211	-58.4081523
-34.4060693	-58.6233502
-34.602953	-58.463873
-34.6393939	-58.5296807
-25.7403664	-59.107485
-34.6032	-58.3864
0.0	0.0
-34.4590381	-58.9046513
-34.605668	-58.953741
0.0	0.0
-313219346.0	-580122202.0
-31.2549637	-64.2691579
0.0	0.0
-34.6062456	-58.3968183
-24.3825526	-65.1326353
-32.9154574	-68.8487005
-35.4417068	-58.8034438
-34.5495117	-58.5079442
-34.5503596	-58.5573983
0.0	0.0
-34.183002	-62.0272999
-34.5970359	-58.3992582
-33.48926	-60.0120673
-380437088.0	-57547406.0
-26.8331052	-65.2125748
-24.1910822	-65.301728
-34.4688	-58.5179
-26.8151544	-65.2837665
-27.8101102	-64.2665741
-30.9819122	-64.1005992
-34.6225252	-58.3940742
-314266204.0	-641863089.0
-45.8731213	-67.5131859
-34.4498928	-58.5363684
-26.179979	-58.1671582
-34.5198	-58.47462
-33.6824933	-59.670423
-40.7625642	-71.6423199
-34.5787685	-58.6962836
-32.8685295	-68.8469441
-34.765498	-58.4039457
-26.7418962	-65.2531129
-31.4436691	-64.1508103
-32.8722431	-68.822585
-33.5627993	-62.8836815
-34.7356196	-58.3803254
-24.313553	-64.9700575
-24.7076002	-65.409821
-34.5093713	-58.5451712
-34.6128865	-68.3367586
-34.8458654	-58.2275644
-34.4771858	-58.5121016
-37.3166581	-59.1374397
-34.6210981	-68.3346722
-24.184047	-65.3030015
-31.5490203	-68.5453704
-312964503.0	-642940194.0
-32.9326531	-68.8523559
-346663598.0	-58726326.0
0.0	0.0
-37.3289035	-59.1376186
0.0	0.0
-36.2315231	-61.1155526
-34.6160654	-58.6352801
-34.6235551	-58.450757
-33.2269171	-60.3339849
-34.866377	-57.9031847
-34.7657472	-58.3610518
-34.8397234	-58.1880395
-34.8030481	-58.4810401
-36.2335658	-61.1108061
-34.5671	-58.4361
-34.6425259	-58.7972034
-34.3984013	-58.6543312
-34.6586523	-58.595062
-34.8710205	-58.5428513
-33.0009663	-68.9150834
-34.5878	-58.3964
-34.6706556	-58.7005216
-34.6165404	-58.4344718
0.0	0.0
-380228066.0	-575657478.0
-346663598.0	-58726326.0
-34.8697948	-57.8912902
-32.885851	-68.840823
-33.2811579	-66.3427208
-27.8077524	-64.2494074
-343299334.0	-589855209.0
-379687904.0	-575588636.0
-37.9894078	-57.5790283
-31.423404	-64.214892
-34.620435	-58.4443616
-37.4513553	-61.934944
-34.528185	-58.492467
-26.7797957	-60.440967
-33.5361116	-61.1250259
-34.5865666	-58.7534049
-37.9665064	-57.5511265
-26.795173	-60.4475937
-41.1417326	-71.3135046
-43.2947526	-65.4977142
-32.9401705	-60.7186429
-31.4254924	-64.1856718
-33.1831291	-66.3149972
-34.1628886	-58.9691992
-33.6781093	-59.6710192
-31.3875486	-64.183775
-34.6013466	-58.4729183
-34.5908448	-58.6309232
-24.9714967	-65.5021277
-34.6995691	-58.3145763
-33.0326931	-68.9051704
-34.7808159	-58.3084303
-32.8599293	-68.8466014
-26.8240848	-65.2053282
-33.6757494	-59.6673764
-33.1233355	-64.3506335
-31.4320361	-64.5004618
-34.5250131	-58.4963795
-25.2866887	-57.7160612
-31.2466987	-64.4692861
-32.912058	-68.876893
-34.4790832	-58.8800997
-346318396.0	-583607628.0
-34.8281314	-58.3919745
-34.57063	-58.46408
-68.05646	-68.05646
-34.58311	-58.41258
-34.602953	-58.463873
-34.6225252	-58.3940742
-34.6125031	-58.3919833
-34.428036	-58.8162668
-34.1049966	-59.0179598
-34.165058	-58.9686884
-34.5840818	-58.4312598
-34.6066113	-58.4190588
-33.2520721	-60.3084048
-33.6869706	-65.4632912
-34.6478666	-58.6219849
-26.8024965	-65.2529535
-33.6893827	-65.4708068
0.0	0.0
0.0	0.0
-34.5834432	-58.66025
-24.2002442	-65.2891331
-26.8461999	-65.209201
-38.019266	-57.571634
-34.657207	-58.6278416
0.0	0.0
0.0	0.0
-34.7639	-58.2083
-247961291.0	-654173136.0
-31.4566511	-64.2680254
0.0	0.0
-34.7058643	-58.3225571
-38.7269941	-62.2499589
-37.9799141	-57.5444227
-33.7906751	-61.212341
0.0	0.0
-435461845.0	-714567046.0
-32.914383	-68.8260454
0.0	0.0
-34.7181797	-58.2767921
-34.7078526	-58.3918587
0.0	0.0
-34.6999519	-58.5945867
-32.7831396	-60.7308883
0.0	0.0
-34.7774372	-58.3092533
-34.5810283	-58.4247736
-31.6619634	-60.7219072
0.0	0.0
-32.8991731	-60.9092049
-34.6127277	-58.4831203
-34.7272764	-58.3985231
0.0	0.0
-34.6122913	-58.425038
-31.5492671	-68.5301544
-34.4806214	-58.5313153
-34.6466267	-58.7928231
-34.735231	-58.2660529
-34.6991471	-58.3155093
-310931614.0	-64485607.0
-34.5656247	-59.1228331
-34.6755504	-58.4320727
-34.7967838	-58.3587868
-34.7693592	-58.2733595
-308598062.0	-645260139.0
-37.3193923	-59.1322477
-31.344238	-61.2405723
0.0	0.0
-34.6658123	-58.6294062
-26.544209	-59.3442793
-24.3886028	-65.2623235
-34.5959	-58.373
0.0	0.0
-37.9844315	-57.5764466
0.0	0.0
-34.46273	-58.9182566
-34.7227929	-58.4370057
-32.4473179	-64.3953923
-34.6095326	-58.7685594
-35.7699964	-58.4898847
-32.9692458	-60.6495241
-34.6591552	-58.721478
-34.5540179	-58.4523202
-31.5106983	-68.5713382
-32.9426706	-68.8488404
-34.5543312	-58.4520624
-34.5992688	-58.4013398
-34.4668908	-58.5748474
-34.7213709	-58.2562379
-34.6251983	-58.4699234
-22.5176543	-63.8052843
-34.731361	-58.3535211
-34.6455719	-58.4682261
-34.737564	-58.4867496
-34.6014519	-58.5131927
-34.5994317	-58.3895554
-32.8739022	-68.8836302
-34.6066682	-68.3352215
-34.5747249	-58.4060451
-35.0528924	-58.7609813
-34.9386927	-57.9428066
-26.5370884	-59.3404541
-34.6270408	-58.8819628
-33.6847512	-59.6721445
-27.5810721	-66.3151059
-34.7532288	-58.2345677
0.0	0.0
-34.5756	-58.484
-34.5646242	-58.4547609
-34.6362978	-58.3616609
-26.8262371	-65.210776
0.0	0.0
-34.2980326	-60.241334
-31.6265171	-58.5070479
-380217055.0	-57577147.0
-34.6048815	-58.4158889
-346045595.0	-583927121.0
-27.025094	-65.3047281
0.0	0.0
0.0	0.0
-35.6257397	-61.362737
-34.5969197	-58.4037723
-346385485.0	-583770052.0
-249811406.0	-655847497.0
-33.24688	-61.3601658
-38.0369331	-57.5479846
-33.3477829	-60.2363405
-34.5985034	-58.3772046
-34.8099113	-58.2772158
-34.6233508	-58.8928698
-34.3242699	-62.0375095
-34.6116423	-58.9518542
-34.8269032	-58.4628694
0.0	0.0
-32.9670612	-68.7880918
-24.7956653	-65.4170842
-34.682154	-58.555742
-36.9200097	-60.3240586
-31.3669994	-64.2365629
-34.9207394	-57.9256203
-34.6542604	-58.5524995
-33.2322755	-60.327321
-34.575	-58.4857
-34.3325512	-58.988554
-34.5609594	-59.111416
0.0	0.0
-34.6392539	-58.3768614
-34.8325166	-58.3846706
-314107583.0	-641960268.0
-32.9258856	-68.8462521
-38.6968119	-62.2834346
-24.7799836	-65.426416
-34.5995505	-58.3794805
-32.6891799	-58.8890081
-316537125.0	-639095385.0
-34.6847357	-58.3576882
-34.6293366	-58.4132106
-33.2869227	-66.3262827
-32.8120931	-63.8771221
-34.659108	-58.6687705
0.0	0.0
-34.5198	-58.47462
-34.5988	-58.4026
-27.7646807	-64.278746
-346030699.0	-584953061.0
-34.5101529	-58.4899971
-34.6100774	-58.5668295
-38000316.0	547412.0
-34.7091895	-58.4226662
-34.4856312	-59.2230656
-34.8283245	-58.4719752
0.0	0.0
-34.9145619	-58.3808593
-34.5452557	-58.4621627
-346270455.0	-584269381.0
0.0	0.0
-32.904779	-68.781877
0.0	0.0
-38.0398103	-57.5510164
-37.3289576	-59.1163254
-34.4656167	-58.9119017
-3140554.0	-641605086.0
-34.7109981	-58.6320397
-34.6931664	-58.3348747
-34.503509	-58.4893354
-34.841476	-58.283401
0.0	0.0
-31.6383092	-60.7192228
-34.8633425	-58.1878332
-36.8582734	-57.8792261
0.0	0.0
-34.6014519	-58.5131927
-33295151.0	-663216538.0
-34.5559	-58.4632
0.0	0.0
-34.4898935	-58.5032358
-34.9092496	-57.9237658
-34.86531	-58.53386
-33.9100421	-60.587809
0.0	0.0
-34.6097416	-58.3977002
-34.7040594	-58.585831
-313466707.0	-642836601.0
-34.677173	-58.55565
-34.679413	-58.55941
-34.6296936	-58.4285575
-34.6088484	-58.4303632
-34.6337888	-58.6295699
-34.9319901	-57.9596024
-34.4763941	-58.5010037
-32.0551989	-61.6035354
-35.1946906	-62.7739614
-31.6499448	-63.9172726
-34.504923	-58.4989148
-31.6555211	-60.7116772
-34.6497174	-58.5902056
-34.6415217	-58.6498585
-314160452.0	-641738855.0
0.0	0.0
-34.4993773	-58.5447364
-34.592	-58.401
-31.3043449	-60.6616199
-34.5602861	-59.1190066
-32.9348135	-60.704807
-26.8205811	-65.2557256
0.0	0.0
-38.022495	-57.5687925
-34.5024706	-58.5310529
0.0	0.0
-24.7929953	-65.4151187
-33.4980703	-60.0656778
-31.4926495	-60.7349065
-34.5995505	-58.3794805
-34.54660035961527	-58.48821617562849
-31.7850041	-60.4405707
0.0	0.0
-34.7241025	-58.2629323
-34.7291046	-58.3634196
-31.4506424	-64.2037172
-31.375715	-64.2002533
-24.8040339	-65.4065985
-345991878.0	-583902908.0
-256171439.0	-545715536.0
-34.9263777	-57.9753303
-34.6034079	-58.3833071
-26.8101173	-65.2972969
-32.8919371	-68.8559194
-34.6023445	-58.3784271
-34.7214407	-58.4088712
-34.7555195	-58.2104902
-34.6177756	-58.4786662
-34.6956818	-58.4350575
-32.9054242	-68.843467
-34.5472436	-58.7065491
-34.6769957	-58.4905641
-31.264531	-64.307024
-34.7586195	-58.2393972
-34.7278854	-58.2617452
-24.8001277	-65.4099181
-32.9544602	-68.8322117
-34.909502	-57.9568381
-27.7882212	-64.2594517
-33.8087756	-59.5098683
-34.1881935	-61.5309924
-314155406.0	-641743804.0
0.0	0.0
-34.6989533	-58.3949014
-31.3802038	-64.2032597
-31.6196698	-60.7054567
-31.6222655	-60.6885375
-27.3444704	-65.5942276
-37.4637471	-61.923026
-27.7859765	-64.2545435
-34.4964734	-61.5414717
-32.7344095	-60.7428316
-32.944952	-60.6431576
-32.8497426	-68.8426962
-34.5822083	-58.4525966
-34.5779	-58.4041
-34.5974642	-68.3264297
-34.4715767	-58.5175671
-34.6090814	-58.3838991
0.0	0.0
-336824.0	-654641597.0
-346687619.0	-587255626.0
-34.6387	-58.3748
-346181358.0	-583648525.0
0.0	0.0
-24.9861569	-65.581453
-34.7222027	-58.2977666
-30.9812016	-64.1179629
-38.029431	-57.557251
-31.4329365	-64.1542059
-32.929867	-60.7341307
-34.7862023	-58.3303251
-32.944952	-60.6431576
-34.976937	-57.8728136
0.0	0.0
0.0	0.0
-24.1852244	-65.2982637
0.0	0.0
-34.6034112	-58.8669142
-34.707914	-58.3994531
-34.8665914	-58.2011184
-32.3474298	-65.0011619
-34.8960285	-60.0230431
-36.2251521	-61.1217663
-34.6862305	-58.3996825
-34.6396668	-58.796049
-33.11882	-64.3577063
-33.6821441	-59.6734545
-33.0011001	-58.524502
-34.604329	-58.493305
-24.846825	-65.4457674
-336854811.0	-654672144.0
-33.2846776	-66.3379867
-34.6901319	-58.402101
0.0	0.0
-33.4565092	-61.3211358
-34.594	-58.4023
-33.228577	-60.3294529
0.0	0.0
-34.6054703	-58.5976404
-34.6057652	-58.4531497
-274641077.0	-589943706.0
-34.5882213	-58.6658809
-34.608674	-58.9486451
-33.3300949	-60.2286594
-34.6020292	-58.4715191
-34.6156251	-58.4323728
-34.7129724	-58.269212
-34.6151	-58.5262
-33.2925372	-66.3357323
0.0	0.0
-310903297.0	-644851009.0
-31.4434765	-64.1622981
-32.9081324	-68.8516221
-34.4275143	-58.5764138
0.0	0.0
-38.5642459	-58.7285804
0.0	0.0
-34.6203655	-58.4771049
-34.5958529	-58.3870557
0.0	0.0
-24.1832277	-65.3074592
0.0	0.0
0.0	0.0
-32.9040276	-68.8543751
-34.6042689	-68.3229712
-34.57063	-58.46408
-34.6582958	-58.6673838
-380001383.0	-57545482.0
-34.9987569	-67.5110735
0.0	0.0
-311705576.0	-643185804.0
-34.9304046	-57.9871794
0.0	0.0
-34.5270865	-58.735177
0.0	0.0
-34.7286769	-58.3022037
-34.6646623	-58.3693721
0.0	0.0
-34.6641177	-58.3637787
-32.8659269	-68.8443647
-33.8069754	-59.5058657
-435406486.0	-714696234.0
-34.9192883	-57.9466169
-32.945049	-68.872345
-33.3109134	-66.3236792
-26.82067	-65.19931
-34.6304142	-58.471712
-34.6059553	-58.7999217
-32.9290193	-68.7270131
-26.0676046	-65.9821285
-34.732232	-58.603276
-34.6678953	-58.3572127
-33.6779799	-59.6745742
-32.9472651	-60.6408402
-37.9823817	-57.5813437
0.0	0.0
-32.8930363	-68.8356528
-36.7784859	-59.8634538
-26.7704001	-65.2720357
-34.6359554	-584024784
-36.2289698	-61.1180193
-34.768662	-58.2936178
-30.9841422	-57.9220311
-333567975.0	-637150866.0
-30.7591224	-57.9871188
0.0	0.0
-34.5912607	-60.9498146
-34.1688131	-58.9553738
-33.2381566	-60.63875
-34.6478445	-58.8059746
-314552839.0	-642114348.0
-34.0049873	-61.6054421
-33.6870367	-65.467663
-38.3722032	-60.2744921
-33.1842765	-66.3180509
-26.5335543	-59.3360079
-32.1647034	-58.4069578
-24.7205569	-65.4081765
-33.8588498	-65.1834156
0.0	0.0
-33.3343925	-60.2193665
-22.0549969	-63.6854395
-37.955333	-57.5734592
-36.2335566	-66.9402934
-31.6619883	-60.7610643
-30.713056	-62.0068905
-31.6003426	-60.72109
-34.5769764	-58.4260359
-34.5016472	-58.6955376
-34.4699682	-58.5114251
-34.4422096	-58.5576441
-37.5988185	-62.4059739
-32.9827415	-68.7922983
-346270455.0	-584269381.0
-34.738552	-58.3236152
-38.5513275	-58.7436826
0.0	0.0
-31.4583505	-64.1597567
-34.6587587	-58.3708487
-37.9738533	-57.5955447
0.0	0.0
0.0	0.0
-34.7509936	-58.2368351
-26.8024906	-65.2433149
-38.5642459	-58.7285804
-34.6629912	-58.549564
-34.6135042	-68.3452412
-34.6087	-58.4833
-38.7126538	-62.2616657
-32.982635	-68.788024
-34.6125031	-58.3919833
-34.6440175	-58.7916931
-34.6303871	-58.4610029
-34.7896618	-58.4019539
-32.5993367	-66.1288083
-34.6087	-58.4833
-36.0181464	-59.1052559
-32.939096	-68.8405689
-34.7442757	-58.3869637
-29.7904437	-58.0574537
-33.2638795	-60.7088122
-34.7196943	-58.2632837
0.0	0.0
-34.6729191	-58.6328811
0.0	0.0
-34.5946115	-58.4035089
0.0	0.0
0.0	0.0
-31.2412922	-64.4690205
-38.3788806	-60.2763715
0.0	0.0
-34.6339204	-58.3913627
-26.8180044	-65.267686
-34.6629063	-58.3684785
-32.8959145	-68.8363671
-31.6061466	-60.7057918
0.0	0.0
-34.5609594	-59.111416
-32.6285997	-62.695483
-34.6393939	-58.5296807
-37.9599909	-57.5644183
-349301383.0	-579789721.0
-241853871.0	-653099082.0
0.0	0.0
0.0	0.0
-34.947343	-57.9915204
-32.4071565	-63.2443739
-34.5516707	-58.5805604
-34.5738738	-58.4246127
-26.8440361	-65.093602
-33.3078413	-60.2459125
-34.5747249	-58.4060451
-33.6834232	-65.4691665
-34.5351549	-58.4799598
-31.6523065	-60.7110546
0.0	0.0
-34.708549	-58.2813665
-31.671589	-60.7705346
-37.9993428	-57.5703561
-32.984523	-68.7882784
-32.9301925	-68.8416653
-27.6084267	-55.331091
-33.3486106	-60.3182145
-34.700521	-58.2869347
-32.9929442	-60.6560557
0.0	0.0
-32.9351168	-60.7044377
-34.6090266	-58.3815939
-27.0527906	-65.4095599
-38.6994319	-62.2144471
-31.6396555	-60.7087491
-34.6371698	-58.4073948
-24.8315977	-65.4302324
-34.6937308	-58.3377484
0.0	0.0
-32.3430104	-65.0158257
-26.4064751	-54.6763981
-24.854221	-65.4663285
-36.6439509	-64.2950338
-34.5995	-58.4397
-34.5953466	-58.3997779
-31.4275562	-64.1539507
0.0	0.0
-34.7357857	-58.4480935
0.0	0.0
-34.5883625	-58.4016506
-27.4980349	-64.8584416
-34.2458983	-59.474789
-34.6869001	-58.4794907
-34.0044783	-61.6043936
-31.664008	-60.7652596
-31.628035	-58.5062154
-33.3012751	-66.3392657
-257973224.0	-649763536.0
-34.609493	-58.3966002
-33.3224896	-60.2297434
-31.8931079	-61.8627962
-34.634746	-58.4899079
-34.7602586	-58.4068599
-33.6831869	-59.6656215
-34.6960859	-58.311009
-34.5978895	-58.4079379
-34.738397	-58.3236153
-33.2975362	-66.3443502
-31.1936522	-64.2907085
-32.9036379	-60.7028611
-22.5180183	-63.801105
-32.7544253	-60.7350495
-31.2568579	-61.4923097
-31.6613291	-60.7672359
-34.6161775	-68.3331489
-34.728511	-58.291932
-34.6141127	-58.4301673
-34.6559485	-58.5628061
0.0	0.0
-27.4205047	-58.9589126
-34.6296185	-58.3761198
0.0	0.0
-34.4469159	-58.547489
-32.3710844	-58.8783679
-34.6297048	-58.3648227
-34.7450043	-58.3959581
0.0	0.0
-34.7639	-58.2083
-34.5545835	-58.4541382
-34.6634204	-58.7319377
0.0	0.0
-33.2857984	-66.3124937
-346090024.0	-58387351.0
-310914167.0	-644886115.0
-34.7123255	-58.2945262
-33.2022423	-62.6044705
-32.8623554	-68.8354389
-33.5002437	-60.0684981
-24.3782937	-65.1136402
0.0	0.0
-34.6045497	-58.3960678
0.0	0.0
-33.2013843	-62.5986423
-34.5840818	-58.4312598
-33.3293994	-60.2182769
-37.9891463	-57.5540456
-28.2538468	-58.6267806
0.0	0.0
0.0	0.0
-34.6401635	-58.5407559
-34.5600944	-58.4654958
-34.6300334	-68.3243922
-31.1599142	-64.3209395
0.0	0.0
-34.4781	-58.5554
-34.8182762	-58.4662048
-32.7344095	-60.7428316
0.0	0.0
-26.8273321	-65.2090839
-34.7154039	-58.3121144
-25.8922251	-65.493858
0.0	0.0
0.0	0.0
-34.5621905	-58.72346
-264067305.0	-546078551.0
-34.8025113	-58.2245264
-34.7529254	-58.2373512
-33.1550252	-60.5202768
0.0	0.0
-31.4434765	-64.1622981
-34.5941228	-58.4071379
-34.6023445	-58.3784271
-346687619.0	-587255626.0
-34.16053	-58.9630603
0.0	0.0
-24.2442421	-64.8797837
-34.7569739	-58.4027395
-34.6356488	-58.5558057
-34.6464065	-58.6599954
-34.4969	-58.5444
0.0	0.0
-34.5769764	-58.4260359
-34.5878	-58.3964
0.0	0.0
-33.3497393	-60.2385184
-34.679394	-58.55992
-34.610562	-58.5182806
-31.5524746	-68.5217532
-34.4593644	-58.9156244
0.0	0.0
-27.398573	-55.8970588
-34.7985688	-58.4046518
-380127651.0	-575672878.0
-32.6925854	-64.7230497
-33.0263671	-60.6219254
-34.615363	-58.5605785
-31.7275345	-65.0062986
-34.5991552	-58.3819977
-32.390948	-59.7959659
-34.5977307	-58.4142708
-345803694.0	-584125843.0
-31.6090519	-60.6804778
-34.7604753	-58.4038219
-34.6510556	-58.4186719
0.0	0.0
-34.5906154	-58.501028
-24.7973243	-65.4178098
-34.762166	-58.2040104
-27.786058	-64.2581246
-247853371.0	-654100081.0
-31.3547345	-64.1793946
-33.4179569	-63.299426
-38.028324	-57.558964
-37.9894046	-57.582998
-38.9489323	-68.2301514
-32.9210637	-68.7419875
-32.6338516	-62.6934923
-243809088.0	-651194928.0
-34.5893576	-58.3913976
-346073507.0	-584485783.0
0.0	0.0
-26.8714357	-60.2177802
0.0	0.0
0.0	0.0
-35.493677	-62.9752254
-33.0119093	-68.9279308
-32.9282992	-60.7409447
-23.134928	-64.3296683
-27.8134626	-64.2374948
0.0	0.0
-34.6518764	-58.6767261
-34.5091115	-58.5805506
0.0	0.0
-31.3490609	-64.3399067
0.0	0.0
-31.4797665	-64.535151
-37.3254998	-59.1396488
-34.6274358	-58.7457446
-34.603916	-58.460434
-33.3240347	-62.0424445
-34.5913878	-58.4102057
-34.1274202	-63.4001385
-242311188.0	-648657412.0
-38.014534	-57.546419
-34.6244153	-68.34399
-26.8107812	-65.2450795
-34.5910422	-58.4104922
-33.4612752	-61.493134
-336824.0	-654641597.0
-26.8376631	-65.2371202
0.0	0.0
-27.3707902	-55.9366214
-40.7625642	-71.6423199
-34.6156251	-58.4323728
-34.5544685	-58.4878844
-26.92406	-65.3393325
-31.5818771	-68.5341915
-33.2432869	-61.3611734
-34.56923	-58.44561
-34.6655297	-58.5484655
-34.716445	-58.2682615
-33.6804545	-59.6689797
-27.3637353	-55.9370939
-34.8715049	-58.0575546
-32.8939714	-68.7925978
-33.3692213	-60.5084473
-312423717.0	-644694009.0
-329298157.0	-607318716.0
-34.5994317	-58.3895554
-41.1417326	-71.3135046
-34.6134241	-58.4965956
-27.7355149	-64.2345862
-26.8332064	-65.209802
-24.1849639	-65.3047665
-33.815991	-59.5116745
-35.0717931	-58.2944337
-34.5091115	-58.5805506
-34.6114118	-58.3945501
-34.5956343	-58.3837596
-33.8910745	-60.5788812
-27.9244202	-63.8949981
-34.547601	-58.5028068
-32.9153689	-68.8461819
-35.6175097	-61.3612161
-34.6255944	-58.6347219
-32.9394111	-63.244283
-34.6933322	-58.7416417
-37.37433	-63.780242
-27.4782875	-58.9907076
-34.8265329	-58.3762813
-34.8665914	-58.2011184
-33.2290014	-60.3334893
-32.9257431	-68.8452022
-34.5802211	-58.4081523
-34.6045825	-58.4579194
-34.7419854	-58.2822052
-32.8525042	-60.7895783
-32.2262952	-64.0845671
-34.0839352	-59.0356459
-32.8691918	-68.8012878
-34.542113	-58.7143089
0.0	0.0
-32.8834252	-68.8366128
0.0	0.0
-33.353767	-60.2467548
-33.676962	-59.6658287
-313702115.0	-641862198.0
-34.7300079	-58.3853898
-26.8484572	-65.2867268
-34.5957129	-58.6384485
-35.4442695	-60.8833775
-31.769157	-60.5280041
0.0	0.0
-34.4534315	-58.5767697
-32.1632359	-63.8926996
0.0	0.0
-32.8516566	-68.8577423
-34.622522	-58.8452505
-33.3058373	-66.3394361
-34.6393939	-58.5296807
-34.8899872	-57.9756908
-31.3733	-64.23397
-29.463288	-60.2215601
-22.5167662	-63.8013003
-34.747527	-58.588426
-32.1704326	-64.1194584
0.0	0.0
-34.5525	-58.5584
-33.3122111	-61.0569429
-38.0016156	-57.5449625
-32.3476909	-62.7908656
-34.6032	-58.3864
0.0	0.0
-34.5816036	-58.4512804
-34.5930539	-58.4028467
-34.6065943	-58.421643
-34.1893339	-61.5310626
-32.9484262	-60.6379422
-34.5708879	-58.5277866
0.0	0.0
0.0	0.0
0.0	0.0
-34.8282193	-67.9189214
-346248161.0	-5841617.0
-34.6485016	-58.7917921
-32.9608601	-60.6295078
-345657314	-58.4551604
-36.5945678	-64.2921718
-34.61521	-58.4130792
-313988745.0	-641836998.0
0.0	0.0
-26.1774613	-58.170952
-24.1834087	-65.3112502
-34.8247605	-58.4782888
-34.6067366	-58.9621818
0.0	0.0
-30.3615503	-60.4040198
-34.7643833	-58.3633319
-34.4580342	-58.9169353
0.0	0.0
-31.39875	-58.0197548
-26.8150389	-65.2212146
0.0	0.0
0.0	0.0
-34.7411397	-58.2347748
-24.7588658	-65.3986479
-31.5393521	-68.532472
-31.4128647	-64.1817548
0.0	0.0
-34.4854742	-58.5066223
-33.2049594	-62.6059077
-32.626537	-62.6876401
-29.8797895	-61.9463913
-34.6992674	-58.6579464
-32.9777411	-60.6529249
-34.4626149	-58.5276067
-309825849.0	-644962421.0
-34.8242503	-58.3913719
-38.069749	-57.5595427
-247877522.0	-654199609.0
0.0	0.0
-34.4829674	-58.5910934
-34.6078699	-58.9441675
-34.5691471	-59.1153102
-34.8788534	-58.180168
-34.8633425	-58.1878332
-34.6666686	-58.3581723
-34.6483143	-58.5454469
0.0	0.0
-24.184028	-65.3084824
-31.4361645	-64.2418135
0.0	0.0
-34.7823331	-63.1987989
-34.5565761	-58.4488132
-32.9517365	-68.7905708
-33.1912309	-60.4725827
-26.8326282	-65.2448021
-27.733883	-64.2411037
-31.3850529	-64.2201627
0.0	0.0
-32.9479971	-68.8584277
-31.384698	-64.1987383
-33.160448	-60.5180377
-34.610562	-58.5182806
-34.5515676	-58.5562312
-31553499.0	-63543667.0
-34.5613	-58.4571
-33.1551734	-62.8550371
-241845207.0	-653103494.0
-34.6178813	-58.532463
0.0	0.0
-34.6071887	-68.3408014
-26.8030952	-65.200706
-38.001812	-57.546693
-34.8661874	-58.0426605
-34.6511813	-58.7916546
-313131077.0	-641788429.0
-31.4200011	-64.2198224
-34.8200541	-58.3919861
-34.6045497	-58.3960678
-34.7324601	-58.2517628
-34.8602881	-58.392614
-34.7003988	-583447587.0
-34589884.0	-584024094.0
-32.9662567	-60.6548169
-27.2638782	-65.3570299
-31.7328045	-60.5376946
-31.398448	-64.1840955
-32.9143925	-68.8624209
-34.5586517	-58.4633814
-34.5691209	-59.1149077
-345588083.0	-584488628.0
-34.7176475	-58.2592212
-34.5970359	-58.3992582
-34.6013218	-58.3806112
-34.681951	-58.3496128
-32.886271	-68.8418877
0.0	0.0
-32.8819349	-68.8399214
0.0	0.0
-31.5381883	-68.5930861
0.0	0.0
0.0	0.0
-32.9554205	-68.8595063
-22.5099841	-63.7993947
-32.8938212	-68.8313405
-31.392621	-58.0353957
-34.566	-58.4599
-31.4100821	-64.1536814
0.0	0.0
-31.3752995	-64.1395388
-330514614.0	-685690358.0
-24.7957823	-65.4130532
-35.0343923	-60.2819964
-33.4899458	-60.008605
-25.7403864	-59.1135815
-34661379.0	-585193046.0
-26.8336008	-65.2341526
0.0	0.0
-309793791.0	-640990378.0
-34.6034079	-58.3833071
-38.0353538	-57.5914874
-34.7375142	-58.3227133
-33.2063999	-62.6033686
0.0	0.0
-34.5979017	-58.4070805
0.0	0.0
-34.8812302	-58.1770929
-34.6755016	-58.3948775
-30.870191	-61.3509137
-34.6500707	-58.6209455
-349214.0	-579544.0
-34.6434761	-58.6583326
-36.2250235	-61.1233826
-32.893373	-68.840084
-31.9737373	-60.9184914
-34.8063929	-58.2803285
-38.025503	-57.568975
-34.595463	-58.3881511
-32.9525181	-68.7902172
-32.7191381	-68.5985066
-34.9274515	-57.951604
-31.3456412	-64.2867051
-37.1431568	-56.8863841
-345713914.0	-585066232.0
-34.759621	-58.2811845
-35.0552459	-58.7647763
-34.723810	-58.252216
-34.6465748	-58.7867234
-34.0970634	-59.0298955
-34.58311	-58.41258
-309792203.0	-640929661.0
-267321865.0	-652580666.0
-34.797478	-58.3899901
-34.8993172	-60.0240726
-33.2280834	-60.3284109
-32.8962635	-68.8344555
-35.2326337	-63.5983116
-34.3481011	-63.4488187
-26.5411405	-59.3600954
-33.2396143	-62.4059263
-34.4918478	-58.6294269
-33.6357405	-64.0190613
-34.6115859	-58.3945485
0.0	0.0
-34.622071	-58.416458
-27.7680584	-65.5920905
0.0	0.0
-32.984385	-68.8544051
-34.5682215	-58.451049
0.0	0.0
-34.566	-58.4599
0.0	0.0
0.0	0.0
-34.5230314	-58.5122227
-34.7269129	-58.2709243
-31.6442094	-60.7110639
-31.53133	-68.5694748
-34.5683236	-58.4383051
0.0	0.0
-24.7882195	-65.4348546
-34.7291523	-58.265083
-34.5559	-58.4632
-256122561.0	-54579734.0
-34.5822039	-58.4231063
-26.1812797	-58.1683496
0.0	0.0
-34.7386339	-58.2849905
-30.7393657	-59.6436934
-34.6890673	-58.4728411
-346687619.0	-587255626.0
-25.7309225	-59.109908
-27.8033999	-64.2855045
-34.6235551	-58.450757
0.0	0.0
-31.6049858	-60.6953935
-34.542113	-58.7143089
-346271964.0	-584458524.0
-31.4266274	-64.1386084
-34.567283	-59.1146439
-32.0235328	-61.2263204
-34.5893576	-58.3913976
-34.6967862	-58.3177118
0.0	0.0
-34.7573324	-58.4261942
-34.6158238	-58.9222003
-24.7886351	-65.4101903
-34.8104506	-58.2769663
-24.8160069	-65.418267
0.0	0.0
-32.9039736	-68.827439
0.0	0.0
-32.8887839	-68.8438079
-35.9686936	-62.7338802
-32.8793291	-68.8160681
-34.0989827	-59.0313079
-33.4628094	-61.4900442
-32.8913845	-68.8447524
-313928764.0	-580165753.0
-31.6200676	-60.6904586
-33.4550034	-61.4961913
-33.1060299	-64.3401697
-31.3933735	-64.1533371
-34.561409	-58.457368
0.0	0.0
-32.2198425	-58.1386854
-34.7276907	-58.420257
-32.9638409	-68.792426
-33.3386456	-60.2217631
-34.4990879	-58.6437214
-38.0367377	-57.5825112
-34.6342236	-58.4704149
-26.814375	-65.2623453
-346663598.0	-58726326.0
-34.5092132	-58.567631
-34.452514	-58.5278085
0.0	0.0
-31.3629494	-64.2046701
-31.3081715	-60.6636826
-35.6417679	-59.7866126
-312962902.0	-642958628.0
0.0	0.0
-34.1338141	-63.3964188
-34.5624738	-58.6156932
-31.3868666	-64.1386059
-38.0420254	-57.5761937
0.0	0.0
-32.1646491	-63.4682269
-34.6261416	-58.4583037
0.0	0.0
0.0	0.0
-32.8973335	-68.7890099
-34.6895494	-58.7285606
-34.5925555	-58.4042745
-33.2464574	-61.3571277
-38.9531622	-68.2494709
-34.5865818	-583936824.0
-34.5809227	-58.4295901
-34.570943	-59.183322
-34.6339064	-58.4859295
-31.4235329	-64.1467312
-346025227.0	-583776005.0
-34.7529975	-58.2377007
-32.9838801	-60.6480395
-30.7499519	-57.9817416
-22.5174121	-63.8045802
-31.3945628	-61.0875982
-36.6016844	-61.7531558
-34.8470157	-62.4681945
-32.9622524	-61.5511582
0.0	0.0
-35.1135245	-60.4823899
-36.6012176	-61.8116541
-34.44932	-58.917245
-34.5795432	-58.4257381
-32.8946452	-68.847506
-34.6282318	-58.4637206
-36.0152104	-59.1024932
-34.5716809	-59.1046136
-34.5638	-58.4599
-330868509.0	-684804484.0
-34.679394	-58.559920
-27.7282725	-64.2378065
-27.2626773	-65.3589477
-34.5970249	-58.3960308
-34.5810363	-58.4960602
-313731376.0	-580236919.0
-34.6284575	-58.3667591
-33.3107709	-61.0568073
-34.5202678	-58.4885096
-34.6498591	-60.4740472
0.0	0.0
-32.8692123	-68.8593602
-34.2935228	-60.2589978
-34.6387	-58.3748
-54.8374633	-68.3094415
-34.477828	-58.555171
-31.3446901	-64.4798221
-33.2801832	-66.3360122
0.0	0.0
-33.7786465	-69.0603528
-34.5128925	-58.4923179
-34.640764	-58.687811
-34.594	-58.4023
-33.0012088	-60.6844497
-33.160205	-60.5101313
-36.8931229	-60.3211149
0.0	0.0
-33.3175337	-60.2337552
-34.6539706	-59.4449735
-31.5181416	-68.3513201
-36.7806849	-59.8629643
-34.7001918	-58.4108083
-34.5991552	-58.3819977
-32.9049489	-68.7841252
-34.749821	-58.590589
-33.0063824	-618176953.0
-34.8223344	-58.3949764
0.0	0.0
-34.5878286	-58.3890563
-34.8257037	-58.3945593
-34.5813	-58.4739
-34.6500707	-58.6209455
-22.0541081	-63.6884244
-37.3258325	-59.1384494
0.0	0.0
-34.5581234	-58.4630341
-34.7198779	-58.3068499
0.0	0.0
-34.8604185	-58.3881267
-34.5781	-58.4265
-34.6944052	-58.4793098
-31648401.0	-644337774.0
-31.2425428	-64.4659578
-35.0549861	-58.7627008
-34.5946115	-58.4035089
-34.6348667	-58.820621
-33.0819402	-68.4751552
-24.1902361	-65.30039
-34.747527	-58.588426
-27.3451764	-65.5959606
-380088783.0	-575572845.0
0.0	0.0
-34.6245547	-58.4097811